Tag	Gname	PromoterID	CTRL1	CTRL2	CTRL.mean	A1	A2	A.mean	relative_activity_diff	p_value
Up	Abcf2	130	0.933333333333333	0.884057971014493	0.908695652173913	0.794117647058824	0.766666666666667	0.780392156862745	-0.128303495311168	0.00140242787823048
Up	Abcf2	131	0.0666666666666665	0.115942028985507	0.091304347826087	0.205882352941176	0.233333333333333	0.219607843137255	0.128303495311168	0.00140242787823045
Up	Adcy6	575	0.605263157894737	0.594594594594595	0.599928876244666	0.488372093023256	0.475728155339806	0.482050124181531	-0.117878752063135	1.59889128234193e-05
Up	Adcy6	577	0.394736842105263	0.405405405405405	0.400071123755334	0.511627906976744	0.524271844660194	0.517949875818469	0.117878752063135	1.59889128234177e-05
Down	Add3	597	0.333333333333334	0.238095238095238	0.285714285714286	1	0.625	0.8125	0.526785714285714	0.00919529848606141
Down	Add3	599	0.666666666666666	0.761904761904762	0.714285714285714	0	0.375	0.1875	-0.526785714285714	0.0091952984860614
Up	Adk	684	0.394736842105264	0.382978723404255	0.38885778275476	0.5	0.510204081632653	0.505102040816326	0.116244258061567	1.32729927430869e-05
Up	Adk	685	0.605263157894737	0.617021276595745	0.611142217245241	0.5	0.489795918367347	0.494897959183674	-0.116244258061567	1.32729927430874e-05
Up	Agpat1	814	0.922413793103448	0.965034965034965	0.943724379069207	0.811320754716981	0.811475409836066	0.811398082276523	-0.132326296792683	0.00042373257917301
Up	Agpat1	816	0.0775862068965517	0.034965034965035	0.0562756209307933	0.188679245283019	0.188524590163934	0.188601917723477	0.132326296792683	0.000423732579173012
Switching	Ak1	914	0.38135593220339	0.372222222222223	0.376789077212806	0.122448979591837	0.181818181818182	0.152133580705009	-0.224655496507797	0.000204752526927302
Switching	Ak1	916	0.610169491525424	0.594444444444444	0.602306967984934	0.816326530612244	0.743801652892562	0.780064091752403	0.177757123767469	0.00115188316395259
Switching	Ak1	917	0.00847457627118644	0.0333333333333334	0.0209039548022599	0.0612244897959183	0.0743801652892562	0.0678023275425873	0.0468983727403274	0.00446061514644613
Switching	Akap7	971	0.305555555555555	0.343750000000001	0.324652777777778	0.928571428571429	0.666666666666666	0.797619047619047	0.472966269841269	0.00346180605304877
Switching	Akap7	973	0.694444444444445	0.656249999999999	0.675347222222222	0.0714285714285714	0.333333333333334	0.202380952380953	-0.472966269841269	0.00346180605304876
Down	Ankrd10	1310	0.421052631578947	0.436363636363636	0.428708133971292	0.249999999999999	0.294117647058824	0.272058823529412	-0.15664931044188	0.00031344427740106
Down	Ankrd10	1313	0.578947368421053	0.563636363636364	0.571291866028708	0.750000000000001	0.705882352941176	0.727941176470589	0.15664931044188	0.000313444277401071
Switching	Ankrd1	1308	0.976284584980237	0.958490566037736	0.967387575508986	0.705882352941176	0.730769230769232	0.718325791855204	-0.249061783653783	9.40730551546408e-06
Switching	Ankrd1	1309	0.0237154150197629	0.0415094339622641	0.0326124244910135	0.294117647058824	0.269230769230768	0.281674208144796	0.249061783653783	9.40730551546465e-06
Up	Anks1b	1409	0.658536585365854	0.744186046511628	0.701361315938741	0.519230769230769	0.486111111111111	0.50267094017094	-0.1986903757678	0.00169496871910959
Up	Anks1b	1411	0.195121951219512	0.116279069767442	0.155700510493477	0.346153846153846	0.4375	0.391826923076923	0.236126412583446	0.00247190689661616
Switching	Ap4e1	1535	0.363636363636365	0.263157894736842	0.313397129186604	0.571428571428571	0.555555555555555	0.563492063492063	0.250094934305459	0.00104273320799625
Switching	Ap4e1	1537	0.393939393939393	0.447368421052631	0.420653907496012	0.142857142857143	0.111111111111111	0.126984126984127	-0.293669780511885	8.15366761957572e-05
Down	Arhgef6	1873	0.5	0.516129032258066	0.508064516129033	0.25	0.333333333333333	0.291666666666667	-0.216397849462366	0.000907314061246398
Down	Arhgef6	1874	0.5	0.483870967741934	0.491935483870967	0.75	0.666666666666667	0.708333333333333	0.216397849462366	0.000907314061246403
Up	Atn1	2281	0.0416666666666666	0.0568181818181818	0.0492424242424242	0.27906976744186	0.191011235955057	0.235040501698458	0.185798077456034	0.00196885165766322
Up	Atn1	2282	0.958333333333333	0.943181818181818	0.950757575757576	0.72093023255814	0.808988764044943	0.764959498301542	-0.185798077456034	0.0019688516576632
Up	Atp5pf	2361	0.911111111111111	0.919902912621359	0.915507011866235	0.788461538461538	0.812917594654788	0.800689566558163	-0.114817445308072	0.000106319092429605
Up	Atp5pf	2362	0.0888888888888889	0.0800970873786406	0.0844929881337648	0.211538461538462	0.187082405345212	0.199310433441837	0.114817445308072	0.000106319092429606
Down	Brd8	3075	0.193548387096774	0.2	0.196774193548387	0	0.04	0.02	-0.176774193548387	0.000111709595914482
Down	Brd8	3078	0.806451612903226	0.8	0.803225806451613	1	0.96	0.98	0.176774193548387	0.000111709595914485
Up	Capg	3504	0.107843137254902	0.137583892617449	0.122713514936176	0.243421052631579	0.206060606060606	0.224740829346093	0.102027314409917	0.00177756207710565
Switching	Capn5	3517	0.0769230769230771	0.121212121212121	0.0990675990675992	0.333333333333333	0.555555555555556	0.444444444444444	0.345376845376845	0.00616993468529332
Switching	Capn5	3518	0.923076923076923	0.878787878787879	0.900932400932401	0.666666666666667	0.444444444444444	0.555555555555556	-0.345376845376845	0.00616993468529334
Up	Ccnt2	4060	0.448979591836735	0.346153846153846	0.397566718995291	0.615384615384616	0.648648648648649	0.632016632016633	0.234449913021342	0.00167819578317312
Up	Ccnt2	4061	0.551020408163265	0.653846153846154	0.602433281004709	0.384615384615384	0.351351351351351	0.367983367983367	-0.234449913021342	0.00167819578317312
Switching	Ccser2	4101	0.408163265306123	0.317460317460317	0.36281179138322	0.104166666666667	0.10989010989011	0.107028388278388	-0.255783403104832	0.000619974689650445
Switching	Ccser2	4103	0	0.0476190476190475	0.0238095238095238	0.166666666666667	0.0989010989010989	0.132783882783883	0.108974358974359	0.0103556393279916
Up	Cd82	4229	0.192708333333333	0.250478011472276	0.221593172402804	0.494736842105263	0.45771144278607	0.476224142445666	0.254630970042862	0.000211123307482424
Up	Cd82	4232	0.578125	0.565965583173996	0.572045291586998	0.291228070175439	0.349917081260365	0.320572575717902	-0.251472715869096	0.000130309475335705
Up	Cdc42ep5	4293	0.420168067226891	0.407142857142857	0.413655462184874	0.278350515463918	0.232283464566929	0.255316990015423	-0.158338472169451	0.000331182606805229
Up	Cdc42ep5	4294	0.579831932773109	0.592857142857143	0.586344537815126	0.721649484536082	0.767716535433071	0.744683009984577	0.158338472169451	0.000331182606805225
Up	Cdk16	4398	0.883495145631068	0.933333333333333	0.9084142394822	0.676923076923077	0.704545454545455	0.690734265734266	-0.217679973747935	0.00018840077963042
Up	Cdk16	4399	0.116504854368932	0.0666666666666666	0.0915857605177995	0.323076923076923	0.295454545454545	0.309265734265734	0.217679973747935	0.000188400779630423
Down	Celf2	4519	0.828125	0.740740740740741	0.78443287037037	0.571428571428572	0.5	0.535714285714286	-0.248718584656085	0.00158140804936688
Switching	Col18a1	5555	0.597014925373134	0.624463519313304	0.610739222343219	0.829268292682927	0.87683284457478	0.853050568628853	0.242311346285635	0.000106858735147457
Switching	Col18a1	5556	0.402985074626866	0.375536480686696	0.389260777656781	0.170731707317073	0.12316715542522	0.146949431371147	-0.242311346285635	0.000106858735147458
Down	Ctps1	6182	0.423645320197045	0.461538461538462	0.442591890867753	0.607142857142857	0.595744680851064	0.601443768996961	0.158851878129207	0.000155049929103014
Down	Ctps1	6183	0.576354679802955	0.538461538461538	0.557408109132247	0.392857142857143	0.404255319148936	0.398556231003039	-0.158851878129208	0.000155049929103012
Up	Cx3cl1	6283	0.991596638655462	0.977611940298508	0.984604289476985	0.865384615384616	0.9	0.882692307692308	-0.101911981784677	0.000697560960881301
Up	Cx3cl1	6284	0.00840336134453781	0.0223880597014925	0.0153957105230151	0.134615384615384	0.1	0.117307692307692	0.101911981784677	0.000697560960881327
Up	Cyp4f17	6456	0.411764705882353	0.416666666666666	0.414215686274509	0.571428571428571	0.513513513513513	0.542471042471042	0.128255356196533	0.00157347236278772
Up	Cyp4f17	6457	0.588235294117647	0.583333333333334	0.585784313725491	0.428571428571429	0.486486486486487	0.457528957528958	-0.128255356196533	0.0015734723627877
Switching	Dclk1	6646	0.96	0.979166666666667	0.969583333333333	0.708333333333334	0.647058823529411	0.677696078431373	-0.291887254901961	9.49609456972629e-05
Switching	Dclk1	6647	0.04	0.0208333333333334	0.0304166666666667	0.291666666666666	0.352941176470589	0.322303921568628	0.291887254901961	9.49609456972587e-05
Up	Ddah1	6697	0.988805970149254	0.976351351351351	0.982578660750303	0.832	0.853591160220995	0.842795580110497	-0.139783080639805	4.13936663412233e-05
Up	Ddah1	6698	0.0111940298507463	0.0236486486486486	0.0174213392496974	0.168	0.146408839779005	0.157204419889503	0.139783080639805	4.13936663412237e-05
Switching	Dpp9	7491	0.25	0.210526315789474	0.230263157894737	0.0689655172413793	0.0172413793103448	0.0431034482758621	-0.187159709618875	0.000569821114994355
Switching	Dpp9	7492	0.75	0.789473684210526	0.769736842105263	0.931034482758621	0.982758620689655	0.956896551724138	0.187159709618875	0.00056982111499435
Switching	Eef1akmt2	7852	0.0392156862745099	0.111111111111111	0.0751633986928105	0.5	0.545454545454546	0.522727272727273	0.447563874034462	5.32830671924452e-05
Switching	Eef1akmt2	7853	0.96078431372549	0.888888888888889	0.92483660130719	0.5	0.454545454545455	0.477272727272727	-0.447563874034462	5.32830671924461e-05
Down	Elf2	8078	0.27027027027027	0.222222222222222	0.246246246246246	0.111111111111111	0.0833333333333335	0.0972222222222222	-0.149024024024024	0.000743331380530637
Switching	Epc1	8290	0.480000000000001	0.875	0.677500000000001	0.272727272727272	0.461538461538462	0.367132867132867	-0.310367132867134	0.0700107622042366
Switching	Epc1	8291	0.519999999999999	0.125	0.322499999999999	0.727272727272728	0.538461538461538	0.632867132867133	0.310367132867134	0.0700107622042366
Switching	Fam131a	8747	0.0833333333333334	0	0.0416666666666667	0.666666666666667	0.647058823529412	0.656862745098039	0.615196078431373	1.54580851172458e-05
Switching	Fam131a	8748	0.916666666666667	1	0.958333333333333	0.333333333333333	0.352941176470588	0.343137254901961	-0.615196078431372	1.54580851172458e-05
Up	Fbxl3	9105	0.0655737704918032	0.118421052631579	0.091997411561691	0.266666666666667	0.241379310344827	0.254022988505747	0.162025576944056	0.000663310716929718
Up	Fbxl3	9106	0.934426229508197	0.881578947368421	0.908002588438309	0.733333333333333	0.758620689655173	0.745977011494253	-0.162025576944056	0.00066331071692971
Down	Fhl1	9388	0.539267015706807	0.59601593625498	0.567641475980893	0.352657004830918	0.36078431372549	0.356720659278204	-0.210920816702689	0.00021835312192568
Down	Fhl1	9390	0.327748691099476	0.297211155378486	0.312479923238981	0.536231884057971	0.533333333333333	0.534782608695652	0.222302685456671	1.49470756496907e-05
Up	Fis1	9421	0.903083700440529	0.902542372881356	0.902813036660942	0.815789473684211	0.765853658536584	0.790821566110398	-0.111991470550544	0.00148007952570912
Up	Fis1	9422	0.0969162995594714	0.0974576271186444	0.0971869633390579	0.184210526315789	0.234146341463416	0.209178433889602	0.111991470550544	0.00148007952570905
Up	Flrt2	9473	0.3	0.333333333333333	0.316666666666667	0.75	0.517857142857143	0.633928571428571	0.317261904761904	0.0094041990405917
Up	Flrt2	9474	0.7	0.666666666666667	0.683333333333333	0.250000000000001	0.482142857142857	0.366071428571429	-0.317261904761904	0.00940419904059167
Up	Fxyd5	9805	0.226190476190477	0.247787610619469	0.236989043404973	0.410788381742738	0.387272727272727	0.399030554507733	0.16204151110276	6.14726783584853e-05
Up	Fxyd5	9806	0.773809523809524	0.752212389380531	0.763010956595027	0.589211618257262	0.612727272727273	0.600969445492267	-0.16204151110276	6.14726783584853e-05
Down	Gtse1	11092	0.255813953488372	0.352941176470589	0.30437756497948	0.416666666666667	0.593750000000001	0.505208333333334	0.200830768353853	0.0261845896111109
Down	Gtse1	11093	0.744186046511628	0.647058823529411	0.69562243502052	0.583333333333333	0.406249999999999	0.494791666666666	-0.200830768353853	0.0261845896111111
Switching	Gulp1	11127	0.888888888888889	0.96	0.924444444444444	0.571428571428572	0.624999999999999	0.598214285714285	-0.326230158730159	0.000221878864564358
Switching	Gulp1	11128	0.111111111111111	0.04	0.0755555555555556	0.428571428571429	0.375000000000001	0.401785714285715	0.326230158730159	0.000221878864564359
Down	Hpcal1	11773	0.696969696969697	0.75187969924812	0.724424698108909	0.91304347826087	0.932203389830508	0.922623434045689	0.19819873593678	0.000294641147179687
Down	Hpcal1	11774	0.303030303030303	0.24812030075188	0.275575301891091	0.0869565217391305	0.0677966101694916	0.077376565954311	-0.19819873593678	0.000294641147179693
Up	Hspd1	11909	0.849765258215962	0.865	0.857382629107981	0.694444444444445	0.615789473684211	0.655116959064328	-0.202265670043653	0.000942014425955627
Up	Hspd1	11910	0.150234741784038	0.135	0.142617370892019	0.305555555555555	0.38421052631579	0.344883040935672	0.202265670043653	0.000942014425955604
Down	Il11ra1	12212	0.732758620689655	0.742857142857143	0.737807881773399	0.90625	0.854838709677419	0.88054435483871	0.142736473065311	0.000702969552372826
Down	Il11ra1	12213	0.267241379310345	0.257142857142857	0.262192118226601	0.0937500000000001	0.145161290322581	0.11945564516129	-0.142736473065311	0.000702969552372814
Up	Klhl22	13447	0.0769230769230771	0.102040816326531	0.0894819466248039	0.157894736842105	0.305555555555556	0.23172514619883	0.142243199574027	0.0302226219513305
Up	Ktn1	13703	0	0.0547945205479452	0.0273972602739726	0.192307692307692	0.323809523809523	0.258058608058608	0.230661347784635	0.00496387148364674
Up	Lig3	14009	0.339622641509433	0.338235294117647	0.33892896781354	0.549019607843137	0.490566037735849	0.519792822789493	0.180863854975953	0.000429843720989862
Up	Lig3	14013	0.660377358490567	0.661764705882353	0.66107103218646	0.450980392156863	0.509433962264151	0.480207177210507	-0.180863854975953	0.000429843720989856
Down	Lmo7	14171	0.521891418563922	0.474662162162163	0.498276790363042	0.368421052631579	0.378854625550661	0.37363783909112	-0.124638951271922	0.00087079785527863
Up	LOC103690031	17849	0.130434782608695	0.136363636363636	0.133399209486166	0.0256410256410256	0.0634920634920635	0.0445665445665446	-0.0888326649196213	0.00130396170468792
Up	LOC103690031	17850	0.173913043478261	0.196969696969697	0.185441370223979	0.153846153846154	0.23015873015873	0.192002442002442	0.00656107177846349	0.789718868567389
Up	LOC103690031	17851	0.369565217391304	0.318181818181817	0.343873517786561	0.153846153846154	0.166666666666667	0.16025641025641	-0.18361710753015	0.000275470684736801
Up	LOC103690031	17852	0.32608695652174	0.348484848484849	0.337285902503295	0.666666666666666	0.539682539682539	0.603174603174603	0.265888700671308	0.00203180753121201
Up	LOC103694460	18619	0.721518987341772	0.754237288135593	0.737878137738683	0.575757575757576	0.59375	0.584753787878788	-0.153124349859895	0.000142580038486071
Up	LOC103694460	18620	0.278481012658228	0.245762711864407	0.262121862261317	0.424242424242424	0.40625	0.415246212121212	0.153124349859895	0.000142580038486076
Down	LOC120101889	26761	0.0204081632653061	0.00952380952380953	0.0149659863945578	0	0.0175438596491228	0.00877192982456139	-0.00619405656999641	0.3573685712578
Down	LOC120101889	26762	0.271428571428571	0.260317460317461	0.265873015873016	0.430939226519336	0.366228070175439	0.398583648347388	0.132710632474371	0.00219005438037341
Down	LOC120101889	26763	0.708163265306122	0.73015873015873	0.719160997732426	0.569060773480664	0.616228070175438	0.592644421828051	-0.126516575904375	0.00108870666603201
Up	LOC120102230	27004	0.166666666666667	0	0.0833333333333333	0.416666666666667	0.5	0.458333333333333	0.375	0.00222605007887179
Up	LOC120102230	27005	0.833333333333333	1	0.916666666666667	0.583333333333333	0.5	0.541666666666667	-0.375	0.00222605007887179
Up	Lpgat1	28909	0.526315789473684	0.619047619047619	0.572681704260652	0.260869565217392	0.2	0.230434782608696	-0.342246921651956	0.000434125222617292
Up	Lpgat1	28910	0.473684210526316	0.380952380952381	0.427318295739348	0.739130434782608	0.8	0.769565217391304	0.342246921651955	0.000434125222617287
Down	Lrrc32	29043	0.529411764705882	0.482758620689655	0.506085192697769	0.0701754385964912	0.137614678899082	0.103895058747787	-0.402190133949982	7.03764688262701e-05
Down	Lrrc32	29044	0.470588235294118	0.517241379310345	0.493914807302231	0.929824561403509	0.862385321100918	0.896104941252213	0.402190133949982	7.03764688262714e-05
Up	Ltn1	29219	0.348837209302326	0.34	0.344418604651163	0.565217391304348	0.627659574468086	0.596438482886217	0.252019878235054	0.000157844128717431
Up	Ltn1	29220	0.651162790697674	0.660000000000001	0.655581395348837	0.434782608695652	0.372340425531914	0.403561517113783	-0.252019878235054	0.000157844128717432
Up	Macir	29364	0.791666666666667	0.470588235294118	0.631127450980392	0.333333333333333	0.517241379310345	0.425287356321839	-0.205840094658553	0.126240202078517
Up	Macir	29365	0.208333333333333	0.529411764705882	0.368872549019608	0.666666666666667	0.482758620689655	0.574712643678161	0.205840094658553	0.126240202078517
Switching	Map1b	29507	0.40625	0.409090909090909	0.407670454545454	0	0.0857142857142858	0.0428571428571429	-0.364813311688311	0.000123439750573524
Switching	Map1b	29508	0.59375	0.590909090909091	0.592329545454546	1	0.914285714285714	0.957142857142857	0.364813311688311	0.000123439750573525
Up	Map3k8	29562	0.615384615384615	0.708333333333333	0.661858974358974	0.454545454545454	0.324324324324325	0.389434889434889	-0.272424084924085	0.0041327110220965
Up	Map3k8	29563	0.384615384615385	0.291666666666667	0.338141025641026	0.545454545454546	0.675675675675675	0.610565110565111	0.272424084924085	0.00413271102209649
Up	Mast2	29695	0.214285714285714	0.25	0.232142857142857	0.600000000000001	0.684210526315789	0.642105263157895	0.409962406015038	0.000100467908268602
Up	Mast2	29697	0.785714285714286	0.75	0.767857142857143	0.399999999999999	0.315789473684211	0.357894736842105	-0.409962406015038	0.000100467908268603
Switching	Mdc1	29865	0.727272727272727	0.777777777777778	0.752525252525252	0.333333333333333	0.3125	0.322916666666667	-0.429608585858586	1.08002054150584e-05
Switching	Mdc1	29866	0.272727272727273	0.222222222222222	0.247474747474748	0.666666666666667	0.6875	0.677083333333333	0.429608585858586	1.08002054150584e-05
Up	Mdm2	29888	0.627450980392157	0.612903225806452	0.620177103099304	0.764227642276423	0.746543778801844	0.755385710539134	0.135208607439829	3.37392428542296e-05
Up	Mdm2	29890	0.372549019607843	0.387096774193548	0.379822896900696	0.235772357723577	0.253456221198156	0.244614289460867	-0.135208607439829	3.37392428542258e-05
Up	Mia2	30208	0.428571428571429	0.482758620689655	0.455665024630542	0.214285714285715	0.24390243902439	0.229094076655053	-0.22657094797549	0.000220741073860414
Up	Mia2	30209	0.0714285714285714	0.0344827586206896	0.0529556650246305	0.107142857142857	0.219512195121951	0.163327526132404	0.110371861107774	0.0319059725857418
Up	Mia2	30211	0.499999999999999	0.482758620689655	0.491379310344827	0.678571428571428	0.536585365853658	0.607578397212543	0.116199086867716	0.0481064475060358
Switching	Mis12	30771	0.675	0.68	0.6775	0.423076923076924	0.422222222222223	0.422649572649573	-0.254850427350427	6.53805580708322e-09
Switching	Mis12	30772	0.325	0.32	0.3225	0.576923076923076	0.577777777777777	0.577350427350427	0.254850427350427	6.53805580708266e-09
Down	Mtmr12	31399	0.333333333333333	0.426229508196721	0.379781420765027	0.0714285714285714	0.0888888888888889	0.0801587301587302	-0.299622690606297	0.000390838830446759
Switching	Mxi1	31499	0.727272727272727	0.774193548387097	0.750733137829912	0.0909090909090909	0.375	0.232954545454545	-0.517778592375367	0.0033826536550294
Switching	Mxi1	31500	0.272727272727273	0.225806451612903	0.249266862170088	0.909090909090909	0.625	0.767045454545455	0.517778592375367	0.00338265365502941
Switching	Myo10	31595	0.761904761904762	0.791666666666666	0.776785714285714	1	0.914285714285714	0.957142857142857	0.180357142857143	0.00233140035806997
Switching	Myo10	31600	0.238095238095238	0.208333333333334	0.223214285714286	0	0.0857142857142858	0.0428571428571429	-0.180357142857143	0.00233140035806993
Up	Myo18a	31608	0.074074074074074	0.0434782608695651	0.0587761674718195	0.281249999999999	0.26	0.270625	0.21184883252818	3.91589489762841e-05
Down	Ncor1	31935	0.870967741935484	0.82	0.845483870967742	1	1	1	0.154516129032258	0.000464803266343337
Down	Ncor1	31938	0.129032258064516	0.18	0.154516129032258	0	0	0	-0.154516129032258	0.000464803266343338
Switching	Nfatc1	32202	0.333333333333334	0.431034482758621	0.382183908045978	0.128205128205128	0.0684931506849316	0.0983491394450299	-0.283834768600948	0.00101046226933541
Switching	Nfatc1	32203	0.666666666666666	0.568965517241379	0.617816091954022	0.871794871794872	0.931506849315068	0.90165086055497	0.283834768600948	0.00101046226933539
Down	Nfkbil1	32252	0.648648648648649	0.612244897959184	0.630446773303916	0.444444444444444	0.484848484848485	0.464646464646465	-0.165800308657452	0.000454818076716217
Down	Nfkbil1	32253	0.351351351351351	0.387755102040816	0.369553226696084	0.555555555555555	0.515151515151515	0.535353535353535	0.165800308657452	0.000454818076716224
Up	Nr4a1	32848	0.25	0.212121212121212	0.231060606060606	0.0173913043478261	0.0894941634241245	0.0534427338859753	-0.177617872174631	0.00164528312792693
Up	Nr4a1	32850	0.75	0.787878787878788	0.768939393939394	0.982608695652174	0.910505836575875	0.946557266114025	0.177617872174631	0.001645283127927
Up	Orc4	34654	0.0178571428571429	0	0.00892857142857143	0.125	0.130434782608696	0.127717391304348	0.118788819875776	2.50579004990102e-05
Up	Pak1	34921	0.644859813084112	0.571428571428572	0.608144192256342	0.796875	0.79646017699115	0.796667588495575	0.188523396239233	0.000883347038178379
Up	Pak1	34924	0.280373831775701	0.380952380952381	0.330663106364041	0.203125	0.15929203539823	0.181208517699115	-0.149454588664926	0.00917954369071758
Up	Park7	35013	0.755555555555555	0.747474747474748	0.751515151515151	0.476744186046512	0.545454545454546	0.511099365750529	-0.240415785764623	0.000273046576524718
Up	Park7	35014	0.244444444444445	0.252525252525252	0.248484848484849	0.523255813953488	0.454545454545454	0.488900634249471	0.240415785764623	0.000273046576524721
Switching	Pbrm1	35102	0.722222222222222	0.658536585365853	0.690379403794037	0.285714285714286	0.457142857142858	0.371428571428572	-0.318950832365466	0.00378520948349424
Switching	Pbrm1	35103	0.277777777777778	0.341463414634147	0.309620596205963	0.714285714285714	0.542857142857142	0.628571428571428	0.318950832365466	0.00378520948349426
Up	Pc	35112	0.5	0.625	0.5625	0.142857142857143	0.222222222222223	0.182539682539683	-0.379960317460317	0.000884888921382463
Up	Pc	35115	0.5	0.375	0.4375	0.857142857142857	0.777777777777777	0.817460317460317	0.379960317460317	0.000884888921382466
Down	Pdgfra	35401	0.210084033613446	0.258503401360544	0.234293717486995	0.139534883720931	0.211538461538461	0.175536672629696	-0.0587570448572989	0.0788800677585584
Down	Pdgfra	35403	0.11764705882353	0.176870748299319	0.147258903561425	0.441860465116279	0.134615384615384	0.288237924865831	0.140979021304407	0.193599110416188
Down	Pdgfra	35404	0.336134453781512	0.258503401360544	0.297318927571028	0.348837209302326	0.471153846153846	0.409995527728086	0.112676600157058	0.0544171009557284
Down	Pdgfra	35405	0.336134453781512	0.306122448979592	0.321128451380552	0.0697674418604651	0.182692307692308	0.126229874776387	-0.194898576604166	0.0044554842606127
Up	Pigq	35853	0.868852459016394	0.931034482758621	0.899943470887507	0.718750000000001	0.6875	0.703125	-0.196818470887507	0.000608422382174878
Up	Pigq	35854	0.131147540983607	0.0689655172413794	0.100056529112493	0.281249999999999	0.3125	0.296875	0.196818470887507	0.000608422382174872
Up	Pnpla6	36412	0.909090909090909	0.583333333333333	0.746212121212121	0.111111111111111	0.416666666666667	0.263888888888889	-0.482323232323232	0.0201052401200095
Up	Pnpla6	36413	0.090909090909091	0.416666666666667	0.253787878787879	0.888888888888889	0.583333333333333	0.736111111111111	0.482323232323232	0.0201052401200095
Up	Ppp2r3c	36807	0.909090909090909	0.928571428571428	0.918831168831169	0.75	0.76595744680851	0.757978723404255	-0.160852445426914	2.46913799933452e-05
Up	Ppp2r3c	36808	0.0909090909090909	0.0714285714285715	0.0811688311688312	0.25	0.23404255319149	0.242021276595745	0.160852445426914	2.46913799933466e-05
Switching	Pprc1	36848	0.736842105263158	0.96	0.848421052631579	0.388888888888888	0.5	0.444444444444444	-0.403976608187135	0.00494840190958026
Switching	Pprc1	36849	0.263157894736842	0.04	0.151578947368421	0.611111111111112	0.5	0.555555555555556	0.403976608187135	0.0049484019095803
Down	Prr3	37213	0.597014925373134	0.625000000000001	0.611007462686567	0.400000000000001	0.456140350877192	0.428070175438596	-0.182937287247971	0.000540254798657368
Down	Prr3	37214	0.402985074626866	0.374999999999999	0.388992537313433	0.599999999999999	0.543859649122808	0.571929824561404	0.182937287247971	0.000540254798657377
Down	Rcor2	38383	0.170731707317073	0.166666666666667	0.16869918699187	0.399999999999999	0.363636363636364	0.381818181818182	0.213118994826312	3.56186767304044e-05
Down	Rcor2	38384	0.829268292682927	0.833333333333333	0.83130081300813	0.600000000000001	0.636363636363636	0.618181818181818	-0.213118994826312	3.5618676730403e-05
Switching	RGD1561277	38914	0.65	0.714285714285714	0.682142857142857	0.266666666666666	0.352941176470588	0.309803921568627	-0.37233893557423	0.000277501644489226
Switching	RGD1561277	38915	0.35	0.285714285714286	0.317857142857143	0.733333333333334	0.647058823529411	0.690196078431373	0.372338935574229	0.000277501644489231
Up	Rnf44	39812	0.911764705882353	0.948717948717949	0.930241327300151	0.821428571428572	0.75609756097561	0.788763066202091	-0.14147826109806	0.00284173617516543
Up	Rnf44	39814	0.088235294117647	0.0512820512820513	0.0697586726998491	0.178571428571428	0.24390243902439	0.211236933797909	0.14147826109806	0.00284173617516539
Switching	Sbno2	40516	0.447368421052632	0.490909090909091	0.469138755980862	0.342857142857142	0.514285714285714	0.428571428571428	-0.0405673274094333	0.47136577189075
Switching	Sbno2	40517	0.184210526315789	0.109090909090909	0.146650717703349	0.0571428571428571	0.0142857142857143	0.0357142857142857	-0.110936431989063	0.0113035277625585
Switching	Sbno2	40519	0.368421052631579	0.4	0.384210526315789	0.600000000000001	0.471428571428572	0.535714285714286	0.151503759398497	0.0166198442653407
Up	Scmh1	40605	0.377777777777778	0.361111111111111	0.369444444444444	0.214285714285714	0.164556962025316	0.189421338155515	-0.180023106288929	0.000286526291108152
Up	Scmh1	40606	0.622222222222222	0.63888888888889	0.630555555555556	0.785714285714286	0.835443037974684	0.810578661844485	0.180023106288929	0.000286526291108136
Down	Septin9	40912	0.548717948717949	0.509803921568628	0.529260935143288	0.931506849315069	0.846560846560847	0.889033847937958	0.35977291279467	0.000182648162166795
Down	Septin9	40913	0.451282051282051	0.490196078431373	0.470739064856712	0.0684931506849314	0.153439153439153	0.110966152062042	-0.35977291279467	0.000182648162166794
Switching	Sh3d19	41223	0.85	0.764705882352941	0.807352941176471	0.555555555555555	0.461538461538462	0.508547008547009	-0.298805932629462	0.00123116751774877
Switching	Sh3d19	41224	0.15	0.235294117647059	0.192647058823529	0.444444444444444	0.538461538461538	0.491452991452991	0.298805932629462	0.00123116751774874
Up	Slc20a2	41612	0.313725490196078	0.333333333333333	0.323529411764706	0.621621621621622	0.454545454545454	0.538083538083538	0.214554126318832	0.0115272325258468
Up	Slc20a2	41617	0.686274509803922	0.666666666666667	0.676470588235294	0.378378378378378	0.545454545454546	0.461916461916462	-0.214554126318832	0.0115272325258468
Up	Slc26a11	41747	0.535714285714287	0.588235294117647	0.561974789915967	0.722222222222222	0.8125	0.767361111111111	0.205386321195144	0.0024270738374448
Up	Slc26a11	41749	0.464285714285713	0.411764705882353	0.438025210084033	0.277777777777778	0.1875	0.232638888888889	-0.205386321195144	0.00242707383744484
Down	Slc39a11	41938	0.534883720930233	0.647058823529412	0.590971272229822	0.214285714285714	0.25	0.232142857142857	-0.358828415086965	0.000455152828492283
Down	Slc9a3r2	42161	0.286821705426356	0.333333333333333	0.310077519379845	0.5	0.556521739130435	0.528260869565217	0.218183350185373	0.000496402553385645
Down	Slc9a3r2	42163	0.682170542635659	0.562091503267974	0.622131022951816	0.5	0.434782608695652	0.467391304347826	-0.15473971860399	0.0172073516763194
Down	Smarca2	42293	0.296296296296296	0.286764705882353	0.291530501089324	0.75	0.576923076923078	0.663461538461539	0.371931037372215	0.00174926853593583
Down	Smarca2	42294	0.185185185185185	0.213235294117647	0.199210239651416	0.1	0.134615384615385	0.117307692307692	-0.081902547343724	0.0031182335703566
Down	Smarca2	42295	0.518518518518519	0.5	0.509259259259259	0.15	0.288461538461538	0.219230769230769	-0.290028490028491	0.00198035482621545
Up	Snx1	42549	0.873239436619718	0.91025641025641	0.891747923438064	0.764705882352941	0.741379310344828	0.753042596348885	-0.13870532708918	0.000390697325284825
Up	Snx1	42550	0.126760563380282	0.0897435897435897	0.108252076561936	0.235294117647059	0.258620689655172	0.246957403651115	0.13870532708918	0.000390697325284812
Down	Tfdp2	44456	0.222222222222222	0.3	0.261111111111111	0	0	0	-0.261111111111111	0.000312463510264682
Down	Tjp2	44679	0.325581395348837	0.395348837209301	0.360465116279069	0	0.125	0.0624999999999999	-0.297965116279069	0.00196147273442679
Up	Tm9sf1	44791	0.900990099009901	0.919117647058823	0.910053873034362	0.711538461538461	0.791304347826087	0.751421404682274	-0.158632468352088	0.00255652633883834
Up	Tm9sf1	44792	0.0990099009900989	0.0808823529411765	0.0899461269656377	0.288461538461538	0.208695652173913	0.248578595317726	0.158632468352088	0.00255652633883842
Up	Tnip1	45362	0.369426751592357	0.326241134751773	0.347833943172065	0.176470588235295	0.187755102040816	0.182112845138055	-0.165721098034009	0.000210717143180648
Up	Tnip1	45363	0.630573248407643	0.673758865248227	0.652166056827935	0.823529411764705	0.812244897959184	0.817887154861945	0.165721098034009	0.000210717143180651
Switching	Tns3	45448	0.433734939759036	0.434782608695653	0.434258774227344	0.803921568627451	0.932432432432432	0.868177000529942	0.433918226302597	0.000305563113937189
Switching	Tns3	45453	0.36144578313253	0.239130434782609	0.300288108957569	0.11764705882353	0.0270270270270271	0.0723370429252784	-0.227951066032291	0.00657326201871699
Switching	Tns3	45454	0.204819277108434	0.326086956521739	0.265453116815086	0.0784313725490196	0.0405405405405406	0.0594859565447801	-0.205967160270306	0.00494128758281834
Down	Tp53i13	45533	0.585365853658536	0.53125	0.558307926829268	0.9	0.8	0.85	0.291692073170732	0.000885906713812554
Down	Tp53i13	45534	0.414634146341464	0.46875	0.441692073170732	0.1	0.2	0.15	-0.291692073170732	0.000885906713812545
Up	Tpr	45597	0.0338983050847458	0.0655737704918033	0.0497360377882746	0.162162162162163	0.1375	0.149831081081081	0.100095043292807	0.000988062518043856
Up	Tpr	45598	0.966101694915254	0.934426229508197	0.950263962211725	0.837837837837837	0.8625	0.850168918918919	-0.100095043292807	0.00098806251804385
Switching	Trim5	45789	0.205882352941176	0.317073170731708	0.261477761836442	0.0476190476190476	0.1	0.0738095238095239	-0.187668238026918	0.00613180771839274
Switching	Trim5	45790	0.794117647058823	0.682926829268292	0.738522238163558	0.952380952380952	0.9	0.926190476190476	0.187668238026918	0.00613180771839276
Switching	Tsc22d1	45987	0.186440677966102	0.170616113744076	0.178528395855089	0.0492957746478873	0.0550964187327824	0.0521960966903349	-0.126332299164754	1.30702012511028e-05
Switching	Tsc22d1	45989	0.813559322033898	0.829383886255925	0.821471604144911	0.950704225352113	0.944903581267218	0.947803903309665	0.126332299164754	1.30702012511032e-05
Switching	Tspan18	46047	0.0769230769230769	0.0579710144927537	0.0674470457079153	0.190476190476191	0.259259259259259	0.224867724867725	0.157420679159809	0.00157406842305791
Switching	Tspan18	46048	0.923076923076923	0.942028985507246	0.932552954292085	0.809523809523809	0.740740740740741	0.775132275132275	-0.157420679159809	0.00157406842305793
Switching	Tspan4	46058	0.9375	0.94061757719715	0.939058788598575	0.802197802197802	0.798969072164948	0.800583437181375	-0.1384753514172	4.59553653281439e-08
Switching	Tspan4	46059	0.0624999999999999	0.0593824228028504	0.0609412114014252	0.197802197802198	0.201030927835052	0.199416562818625	0.1384753514172	4.59553653281424e-08
Up	Ubap2	46386	0.442622950819672	0.455128205128205	0.448875577973939	0.534246575342466	0.589285714285714	0.56176614481409	0.112890566840151	0.0022779153451449
Up	Ubap2	46388	0.557377049180328	0.544871794871795	0.551124422026061	0.465753424657534	0.410714285714286	0.43823385518591	-0.112890566840151	0.00227791534514504
Down	Ubtf	46508	0.58955223880597	0.547368421052632	0.568460329929301	0.695652173913043	0.728155339805825	0.711903756859434	0.143443426930133	0.000734368203043677
Down	Ubtf	46510	0.350746268656717	0.357894736842105	0.354320502749411	0.173913043478261	0.203883495145631	0.188898269311946	-0.165422233437465	4.91951264677304e-05
Switching	Upp1	46676	0.4	0.652173913043478	0.526086956521739	0.249999999999999	0.222222222222223	0.236111111111111	-0.289975845410628	0.0166855236092292
Switching	Upp1	46677	0.6	0.347826086956522	0.473913043478261	0.750000000000001	0.777777777777777	0.763888888888889	0.289975845410628	0.0166855236092292
Up	Usp15	46732	0.277777777777778	0.270833333333333	0.274305555555555	0.375	0.421052631578947	0.398026315789474	0.123720760233918	0.000774687057584451
Switching	Usp48	46810	0.0909090909090909	0.0487804878048781	0.0698447893569845	0.272727272727272	0.266666666666667	0.26969696969697	0.199852180339985	8.35967157260138e-05
Switching	Usp48	46811	0.909090909090909	0.951219512195122	0.930155210643016	0.727272727272728	0.733333333333333	0.73030303030303	-0.199852180339985	8.3596715726012e-05
Up	Wdr12	47370	0.716981132075471	0.771428571428571	0.744204851752021	0.581818181818182	0.495867768595041	0.538842975206612	-0.205361876545409	0.00220160133199503
Up	Wdr12	47371	0.283018867924529	0.228571428571429	0.255795148247979	0.418181818181818	0.504132231404959	0.461157024793388	0.205361876545409	0.00220160133199504
Down	Wdr37	47396	0.416666666666666	0.238095238095238	0.327380952380952	0	0.0833333333333333	0.0416666666666667	-0.285714285714285	0.00737194894556508
Down	Wdr37	47397	0.583333333333334	0.761904761904762	0.672619047619048	1	0.916666666666667	0.958333333333333	0.285714285714285	0.0073719489455651
Switching	Wiz	47517	0.5	0.55	0.525	0.125	0.2	0.1625	-0.3625	0.000153968023281464
Switching	Wiz	47519	0.142857142857143	0.1	0.121428571428572	0.5	0.45	0.475	0.353571428571428	4.91905797436774e-05
Up	Wwp2	47604	0.631578947368422	0.869565217391305	0.750572082379863	0.263157894736842	0.371428571428571	0.317293233082707	-0.433278849297157	0.00456250100142879
Up	Wwp2	47606	0.368421052631578	0.130434782608695	0.249427917620137	0.736842105263158	0.628571428571429	0.682706766917293	0.433278849297157	0.00456250100142879
Switching	Zbtb7a	47859	0.306122448979592	0.20253164556962	0.254327047274606	0.540540540540541	0.527272727272728	0.533906633906634	0.279579586632028	0.000752047988061725
Switching	Zbtb7a	47860	0.632653061224489	0.734177215189873	0.683415138207181	0.378378378378378	0.436363636363636	0.407371007371007	-0.276044130836174	0.00121699341630854
Switching	Zbtb7a	47861	0.0612244897959182	0.0632911392405062	0.0622578145182122	0.0810810810810811	0.0363636363636364	0.0587223587223588	-0.00353545579585347	0.797947666333877
Up	Zc2hc1a	47877	0.0416666666666667	0.018018018018018	0.0298423423423424	0.109374999999999	0.17948717948718	0.14443108974359	0.114588747401247	0.0058281405034922
Up	Zc2hc1a	47878	0.958333333333333	0.981981981981982	0.970157657657658	0.890625	0.82051282051282	0.85556891025641	-0.114588747401247	0.00582814050349231
Switching	Zc3h7b	47917	0	0.0750000000000001	0.0375	0.4375	0.183673469387755	0.310586734693878	0.273086734693878	0.0232882085646905
Switching	Zc3h7b	47918	1	0.925	0.9625	0.5625	0.816326530612245	0.689413265306122	-0.273086734693877	0.0232882085646905
Up	Zfhx3	48033	0.111111111111111	0.181818181818182	0.146464646464647	0.424242424242424	0.338028169014084	0.381135296628254	0.234670650163607	0.00188133561633254
Up	Zfp512b	48311	0.166666666666667	0.227272727272728	0.196969696969697	0.5	0.434782608695653	0.467391304347826	0.270421607378129	0.000461387458032789
Up	Zfp512b	48312	0.833333333333333	0.772727272727272	0.803030303030303	0.5	0.565217391304347	0.532608695652174	-0.270421607378129	0.000461387458032782
Down	Zfp609	48395	0.702702702702703	0.75438596491228	0.728544333807492	0.600000000000001	0.548387096774195	0.574193548387098	-0.154350785420394	0.00185286573566787
Down	Zfp609	48396	0.297297297297297	0.24561403508772	0.271455666192509	0.399999999999999	0.451612903225805	0.425806451612902	0.154350785420394	0.00185286573566783
